1024
1008
992
960
896
768
1016
1000
512
984
976
952
944
928
888
880
864
892
956
988
1004
1020
764
1012
760
752
832
736
996
508
980
504
972
704
948
968
496
940
936
924
884
480
920
876
872
640
912
510
766
862
878
886
894
926
942
950
958
974
982
990
998
1006
1014
1022
860
890
954
986
1002
1018
762
1010
856
758
756
448
750
830
748
848
828
744
824
734
732
994
728
506
816
978
502
384
970
702
500
946
966
700
494
720
938
964
492
934
696
800
922
932
488
882
478
918
874
476
479
495
503
507
511
703
735
751
759
763
767
831
863
875
879
883
887
891
895
919
923
927
935
939
943
947
951
955
959
967
971
975
979
983
987
991
995
999
1003
1007
1011
1015
1019
1023
871
916
639
911
688
509
765
861
877
885
893
925
941
949
957
973
981
989
997
1005
1013
1021
870
638
859
910
889
953
985
1001
1017
858
761
868
1009
636
472
855
908
757
256
854
755
447
749
754
446
829
852
747
632
847
827
904
746
444
846
826
672
743
464
823
733
742
844
822
731
730
740
440
624
993
820
727
505
815
977
726
840
501
814
383
969
701
499
382
945
965
724
699
493
498
719
812
937
432
963
698
491
718
380
933
962
695
799
490
921
608
931
694
487
881
798
716
477
917
808
930
486
873
475
915
376
692
796
687
869
637
474
909
914
484
857
686
867
635
712
416
471
907
255
853
866
634
470
906
254
753
445
792
684
851
631
903
368
745
443
576
845
850
825
671
630
463
468
902
252
741
442
843
821
670
462
680
729
739
439
623
842
628
819
900
784
725
738
438
839
668
622
460
248
813
818
381
723
838
352
497
811
431
697
436
717
620
379
722
961
489
810
664
430
607
693
456
797
836
715
378
807
929
485
240
606
375
691
795
714
616
473
428
913
806
483
685
711
415
374
690
320
794
865
633
604
469
905
656
253
791
482
683
710
804
414
367
575
849
372
424
629
467
224
901
251
790
682
441
669
461
366
708
679
574
412
600
841
627
466
899
250
783
737
437
621
667
459
788
247
817
678
626
364
572
837
351
898
782
192
666
408
458
435
246
619
721
592
809
663
429
676
350
455
835
377
128
434
618
780
239
360
605
568
244
713
662
615
427
454
805
834
400
348
373
238
689
319
793
603
655
481
614
426
709
803
413
776
660
452
560
371
423
318
223
602
789
681
236
654
344
365
802
707
573
411
599
612
465
370
249
422
222
316
787
544
677
652
706
625
363
410
232
598
571
897
336
781
191
665
407
457
245
420
786
220
591
312
675
349
362
570
596
648
127
433
617
190
779
359
406
567
243
661
590
453
833
674
216
64
304
399
347
237
126
288
778
358
188
566
404
242
613
425
208
775
588
659
451
346
398
559
317
124
601
160
184
235
653
96
356
343
564
801
584
774
658
176
32
611
450
396
558
369
421
120
221
112
234
315
342
543
651
772
705
392
231
409
610
597
556
335
314
340
528
419
552
542
219
785
16
48
80
144
272
650
230
311
361
334
569
595
647
540
536
418
189
228
218
405
328
332
310
589
673
594
646
56
296
215
63
308
200
280
303
8
24
40
72
88
104
136
152
168
264
520
125
644
287
777
187
357
214
565
62
212
403
302
60
300
241
207
284
286
587
204
186
402
345
397
92
156
180
206
28
172
580
123
586
108
116
159
183
4
12
20
36
44
52
68
76
84
100
132
140
148
164
196
260
268
276
292
324
388
516
524
532
548
95
355
563
122
158
182
94
354
583
562
657
773
31
175
174
582
449
30
394
395
118
557
119
110
111
233
770
390
554
341
338
526
550
14
46
78
142
270
391
771
534
538
609
2
6
10
18
22
26
34
38
42
50
54
58
66
70
74
82
86
90
98
102
106
114
130
134
138
146
150
154
162
166
170
178
194
198
202
210
226
258
262
266
274
278
282
290
294
298
306
322
326
330
386
514
518
522
530
546
578
642
555
313
339
527
541
551
15
47
79
143
271
649
229
333
535
539
217
227
417
309
327
331
55
295
307
593
645
7
23
39
71
87
103
135
151
167
199
263
279
519
643
59
61
211
213
299
301
1
3
5
9
11
13
17
19
21
25
27
29
33
35
37
41
43
45
49
51
53
57
65
67
69
73
75
77
81
83
85
89
91
93
97
99
101
105
107
109
113
115
117
121
129
131
133
137
139
141
145
147
149
153
155
157
161
163
165
169
171
173
177
179
181
185
193
195
197
201
203
205
209
225
257
259
261
265
267
269
273
275
277
281
283
285
289
291
293
297
305
321
323
325
329
337
353
385
387
389
393
401
513
515
517
521
523
525
529
531
533
537
545
547
549
553
561
577
579
581
585
641
769
