512
504
496
480
448
384
508
500
256
492
488
476
472
464
444
440
432
446
478
494
502
510
382
506
380
376
416
368
498
254
490
252
486
352
474
484
248
470
468
462
442
240
460
438
436
320
456
255
383
431
439
443
447
463
471
475
479
487
491
495
499
503
507
511
430
445
477
493
501
509
381
505
428
379
378
224
375
415
374
424
414
372
412
367
366
497
364
253
408
489
251
192
485
351
250
473
483
350
247
360
469
482
246
467
348
400
461
466
244
441
239
459
437
238
458
344
435
319
455
429
434
318
236
454
128
427
377
223
426
316
452
373
222
423
413
336
232
371
422
411
365
370
220
312
410
363
420
407
191
362
249
406
216
349
359
190
481
245
304
347
399
358
404
465
243
188
346
398
237
457
242
343
356
208
433
317
235
453
127
396
342
184
288
425
315
234
451
126
221
335
231
340
421
314
450
392
369
219
334
311
230
124
409
419
176
218
310
361
405
332
215
228
418
189
120
303
357
308
214
403
187
345
160
397
302
328
241
355
402
207
186
212
112
395
341
183
354
287
206
300
233
125
394
339
313
182
286
449
391
96
333
204
229
123
296
338
175
64
217
309
390
180
284
122
331
227
417
200
174
119
307
213
388
330
226
280
159
301
118
327
172
401
306
185
211
111
158
272
326
353
205
116
299
168
210
393
110
156
181
285
298
324
95
203
295
337
108
32
152
63
144
389
179
94
283
202
121
104
294
173
199
62
80
92
48
178
282
292
387
329
88
16
225
198
279
60
56
117
171
386
196
305
278
157
170
264
276
271
8
24
40
72
136
325
115
167
270
268
209
114
109
164
166
155
297
323
28
148
154
100
140
4
12
20
36
44
52
68
76
84
132
260
322
107
31
106
151
30
150
142
143
102
93
201
46
78
90
103
14
86
290
293
54
58
2
6
10
18
22
26
34
38
42
50
66
70
74
82
98
130
134
138
146
162
194
258
262
266
274
61
79
91
47
177
281
87
291
15
197
59
55
385
195
277
169
263
275
7
23
39
71
135
267
269
1
3
5
9
11
13
17
19
21
25
27
29
33
35
37
41
43
45
49
51
53
57
65
67
69
73
75
77
81
83
85
89
97
99
101
105
113
129
131
133
137
139
141
145
147
149
153
161
163
165
193
257
259
261
265
273
289
321
